% Denavit-Hartenberg parameters of the UR5
a = [0 -0.425 -0.39225 0 0 0]';
alphaDH = [pi/2 0 0 pi/2 -pi/2 0]';
d = [0.089159 0 0 0.10915 0.09465 0.0823]';