[fiducial0]
x=0
y=0
z=0
[fiducial1]
x=57.8016
y=3.30867
z=4.64913e-007
[fiducial2]
x=123.094
y=2.41591e-007
z=1.04394e-006
[fiducial3]
x=64.9721
y=-36.8474
z=8.95881
[geometry]
count=4
id=610
